INSERT INTO WaterUsage (household_id, month, year, liters_consumed)
VALUES
(1, 1, 2023, 1200.50),
(2, 2, 2023, 1500.75),
(3, 3, 2023, 980.20),
(4, 4, 2023, 2100.00),
(5, 5, 2023, 1750.45),
(6, 6, 2023, 1600.30),
(7, 7, 2023, 2000.10),
(8, 8, 2023, 1250.00),
(9, 9, 2023, 1400.65),
(10, 10, 2023, 1550.25),
(11, 11, 2023, 1700.80),
(12, 12, 2023, 1850.90),
(13, 1, 2024, 1900.40),
(14, 2, 2024, 2000.55),
(15, 3, 2024, 1350.75),
(16, 4, 2024, 1450.25),
(17, 5, 2024, 2200.00),
(18, 6, 2024, 1755.30),
(19, 7, 2024, 1890.60),
(20, 8, 2024, 1995.10),
(21, 9, 2024, 2050.75),
(22, 10, 2024, 2150.20),
(23, 11, 2024, 2250.90),
(24, 12, 2024, 2300.40),
(25, 1, 2025, 2400.00);

