
INSERT INTO EnergyUsage (household_id, electricity_kwh, renewable_kwh)
VALUES
    (1, 320.50, 15.00),
    (2, 410.75, 10.00),
    (3, 280.40, 25.00),
    (4, 515.00, 12.00),
    (5, 150.20, 40.00),
    (6, 600.00, 18.00),
    (7, 450.60, 20.00),
    (8, 330.10, 35.00),
    (9, 295.70, 22.00),
    (10, 420.80, 28.00),
    (11, 710.50, 12.00),
    (12, 385.20, 30.00),
    (13, 260.40, 18.00),
    (14, 540.00, 15.00),
    (15, 310.30, 50.00),
    (16, 455.80, 16.00),
    (17, 370.90, 24.00),
    (18, 295.60, 33.00),
    (19, 480.40, 20.00),
    (20, 230.20, 45.00),
    (21, 650.80, 14.00),
    (22, 410.10, 27.00),
    (23, 305.70, 19.00),
    (24, 500.50, 21.00),
    (25, 280.00, 42.00);
