
INSERT INTO WasteManagement (household_id, month, year, recycled_kg, non_recycled_kg)
VALUES
    (1, 1, 2024, 45.50, 30.20),
    (2, 2, 2024, 50.00, 25.00),
    (3, 3, 2024, 38.40, 40.60),
    (4, 4, 2024, 55.00, 35.00),
    (5, 5, 2024, 28.30, 20.70),
    (6, 6, 2024, 60.10, 42.20),
    (7, 7, 2024, 35.50, 18.80),
    (8, 8, 2024, 47.60, 32.90),
    (9, 9, 2024, 52.00, 27.00),
    (10, 10, 2024, 41.20, 38.40),
    (11, 11, 2024, 36.70, 21.30),
    (12, 12, 2024, 50.50, 29.50),
    (13, 1, 2024, 39.00, 26.00),
    (14, 2, 2024, 44.80, 22.40),
    (15, 3, 2024, 62.10, 40.90),
    (16, 4, 2024, 48.30, 28.70),
    (17, 5, 2024, 53.00, 37.00),
    (18, 6, 2024, 46.20, 20.80),
    (19, 7, 2024, 59.40, 41.60),
    (20, 8, 2024, 33.00, 22.00),
    (21, 9, 2024, 49.70, 35.30),
    (22, 10, 2024, 42.90, 19.10),
    (23, 11, 2024, 55.80, 29.20),
    (24, 12, 2024, 38.50, 27.50),
    (25, 1, 2024, 61.00, 39.00);

